1,2,3,4,1
2,1,3,3,1
2,2,4,2,1
3,2,1,3,1
1,2,3,4,1
2,1,3,3,1
2,2,4,2,1
3,2,1,3,1
1,2,3,4,1
2,1,3,3,0
2,2,4,2,1
3,2,1,3,0
1,2,3,4,1
2,1,3,3,0
2,2,4,2,1
3,2,1,3,0
1,2,3,4,1
2,1,3,3,0
2,2,4,2,1
3,2,1,3,0
1,2,3,4,1
2,1,3,3,0
2,2,4,2,1
3,2,1,3,0
1,2,3,4,1
2,1,3,3,0
2,2,4,2,1
3,2,1,3,0
1,2,3,4,1
2,1,3,3,0
2,2,4,2,1
3,2,1,3,0
1,2,3,4,1
2,1,3,3,0
2,2,4,2,1
3,2,1,3,0
1,2,3,4,1
2,1,3,3,0
2,2,4,2,1
3,2,1,3,0
1,2,3,4,1
2,1,3,3,0
2,2,4,2,1
3,2,1,3,0
1,2,3,4,1
2,1,3,3,0
2,2,4,2,1
3,2,1,3,0
1,2,3,4,1
2,1,3,3,0
2,2,4,2,1
3,2,1,3,0
1,2,3,4,1
2,1,3,3,0
2,2,4,2,1
3,2,1,3,0
1,2,3,4,1
2,1,3,3,0
2,2,4,2,1
3,2,1,3,0
1,2,3,4,1
2,1,3,3,0
2,2,4,2,1
3,2,1,3,0
1,2,3,4,1
2,1,3,3,0
2,2,4,2,1
3,2,1,3,0
1,2,3,4,1
2,1,3,3,0
2,2,4,2,1
3,2,1,3,0
1,2,3,4,1
2,1,3,3,0
2,2,4,2,1
3,2,1,3,0
1,2,3,4,1
2,1,3,3,0
2,2,4,2,1
3,2,1,3,0
1,2,3,4,1
2,1,3,3,0
2,2,4,2,1
3,2,1,3,0
1,2,3,4,1
2,1,3,3,0
2,2,4,2,1
3,2,1,3,0
1,2,3,4,1
2,1,3,3,0
2,2,4,2,1
3,2,1,3,0
1,2,3,4,1
2,1,3,3,0
2,2,4,2,1
3,2,1,3,0